370.0
150.0
270.0
140.0
260.0
250.0
160.0
260.0
160.0
210.0
240.0
230.0
250.0
210.0
150.0
120.0
200.0
150.0
90.0
230.0
170.0
160.0
200.0
230.0
160.0
110.0
320.0
170.0
120.0
100.0
150.0
90.0
320.0
140.0
170.0
160.0
120.0
230.0
120.0
150.0
250.0
190.0
140.0
150.0
170.0
260.0
200.0
240.0
220.0
340.0
240.0
210.0
210.0
1850.0
210.0
190.0
200.0
220.0
190.0
180.0
160.0
210.0
110.0
180.0
210.0
170.0
200.0
560.0
180.0
200.0
270.0
320.0
310.0
230.0
200.0
230.0
190.0
220.0
280.0
200.0
330.0
290.0
240.0
270.0
240.0
150.0
290.0
230.0
480.0
210.0
250.0
160.0
270.0
190.0
240.0
200.0
170.0
250.0
220.0
200.0
200.0
190.0
290.0
130.0
220.0
370.0
210.0
120.0
230.0
160.0
270.0
240.0
190.0
170.0
200.0
280.0
310.0
300.0
130.0
240.0
210.0
330.0
230.0
180.0
240.0
1070.0
220.0
160.0
190.0
200.0
170.0
220.0
140.0
380.0
230.0
310.0
250.0
210.0
150.0
370.0
190.0
190.0
250.0
150.0
210.0
270.0
150.0
230.0
200.0
230.0
290.0
200.0
180.0
210.0
190.0
340.0
250.0
370.0
230.0
150.0
160.0
420.0
250.0
180.0
200.0
250.0
250.0
180.0
140.0
280.0
130.0
190.0
90.0
220.0
300.0
230.0
250.0
270.0
270.0
260.0
230.0
110.0
110.0
170.0
180.0
180.0
110.0
230.0
160.0
130.0
240.0
220.0
170.0
250.0
210.0
130.0
190.0
200.0
350.0
210.0
360.0
200.0
190.0
250.0
210.0
150.0
150.0
140.0
220.0
270.0
370.0
240.0
190.0
130.0
310.0
250.0
200.0
400.0
200.0
140.0
190.0
350.0
160.0
160.0
130.0
260.0
150.0
120.0
220.0
270.0
230.0
250.0
270.0
150.0
190.0
120.0
200.0
140.0
200.0
310.0
150.0
280.0
140.0
100.0
350.0
160.0
180.0
140.0
190.0
330.0
220.0
180.0
210.0
170.0
230.0
470.0
130.0
230.0
200.0
130.0
230.0
270.0
390.0
240.0
180.0
250.0
290.0
180.0
210.0
140.0
340.0
130.0
280.0
300.0
100.0
210.0
180.0
190.0
230.0
240.0
290.0
190.0
190.0
230.0
220.0
160.0
250.0
440.0
270.0
180.0
200.0
180.0
210.0
180.0
190.0
300.0
190.0
180.0
160.0
230.0
190.0
230.0
210.0
170.0
260.0
200.0
160.0
200.0
190.0
230.0
160.0
210.0
260.0
200.0
150.0
260.0
210.0
180.0
130.0
180.0
150.0
120.0
190.0
180.0
140.0
240.0
230.0
190.0
210.0
270.0
240.0
240.0
190.0
240.0
210.0
250.0
260.0
260.0
180.0
200.0
180.0
180.0
150.0
220.0
140.0
270.0
660.0
170.0
190.0
550.0
510.0
180.0
290.0
320.0
190.0
250.0
200.0
200.0
220.0
160.0
300.0
190.0
140.0
250.0
230.0
150.0
210.0
250.0
170.0
460.0
170.0
240.0
280.0
160.0
100.0
290.0
160.0
210.0
230.0
240.0
180.0
470.0
260.0
390.0
200.0
280.0
200.0
120.0
320.0
200.0
250.0
780.0
230.0
260.0
110.0
200.0
300.0
140.0
220.0
220.0
270.0
130.0
350.0
270.0
330.0
290.0
280.0
180.0
190.0
200.0
270.0
280.0
210.0
80.0
120.0
190.0
430.0
270.0
180.0
220.0
180.0
270.0
160.0
270.0
260.0
90.0
230.0
280.0
210.0
320.0
240.0
140.0
220.0
200.0
210.0
270.0
500.0
240.0
180.0
260.0
130.0
220.0
170.0
190.0
310.0
220.0
160.0
190.0
210.0
300.0
190.0
170.0
140.0
260.0
200.0
1070.0
130.0
240.0
410.0
310.0
300.0
250.0
200.0
480.0
240.0
190.0
380.0
140.0
150.0
110.0
240.0
330.0
220.0
270.0
200.0
270.0
250.0
580.0
260.0
200.0
190.0
180.0
350.0
230.0
230.0
310.0
100.0
270.0
640.0
210.0
180.0
320.0
240.0
150.0
170.0
170.0
240.0
140.0
480.0
300.0
150.0
150.0
660.0
180.0
210.0
120.0
150.0
150.0
190.0
120.0
200.0
220.0
130.0
280.0
180.0
250.0
640.0
160.0
250.0
270.0
500.0
150.0
460.0
150.0
350.0
260.0
160.0
190.0
310.0
220.0
230.0
700.0
210.0
190.0
250.0
250.0
440.0
290.0
130.0
600.0
550.0
300.0
300.0
170.0
90.0
290.0
180.0
590.0
160.0
90.0
250.0
220.0
290.0
200.0
310.0
160.0
160.0
330.0
260.0
180.0
150.0
190.0
150.0
140.0
210.0
220.0
280.0
290.0
310.0
310.0
250.0
210.0
170.0
270.0
170.0
170.0
210.0
130.0
210.0
250.0
160.0
150.0
150.0
250.0
280.0
420.0
250.0
200.0
180.0
420.0
260.0
310.0
280.0
270.0
210.0
170.0
220.0
310.0
310.0
210.0
150.0
380.0
260.0
160.0
190.0
360.0
200.0
220.0
280.0
300.0
350.0
400.0
120.0
180.0
510.0
260.0
230.0
330.0
310.0
590.0
480.0
260.0
260.0
340.0
450.0
210.0
590.0
220.0
160.0
370.0
220.0
180.0
150.0
1030.0
410.0
190.0
230.0
320.0
350.0
1070.0
290.0
1230.0
300.0
230.0
190.0
170.0
1070.0
280.0
220.0
190.0
170.0
640.0
740.0
1900.0
280.0
270.0
190.0
160.0
170.0
230.0
350.0
400.0
360.0
220.0
140.0
150.0
370.0
150.0
150.0
200.0
210.0
270.0
170.0
250.0
210.0
960.0
230.0
250.0
160.0
230.0
170.0
250.0
1280.0
220.0
200.0
260.0
400.0
260.0
280.0
240.0
230.0
310.0
400.0
220.0
310.0
140.0
560.0
140.0
250.0
420.0
260.0
300.0
160.0
140.0
250.0
200.0
350.0
150.0
250.0
200.0
270.0
220.0
160.0
450.0
630.0
270.0
370.0
230.0
550.0
250.0
240.0
180.0
210.0
180.0
440.0
260.0
170.0
130.0
190.0
300.0
540.0
200.0
170.0
380.0
170.0
260.0
280.0
110.0
200.0
180.0
320.0
360.0
280.0
300.0
900.0
480.0
1180.0
150.0
390.0
280.0
630.0
300.0
350.0
200.0
310.0
300.0
290.0
200.0
230.0
200.0
360.0
630.0
270.0
420.0
200.0
400.0
300.0
330.0
220.0
180.0
690.0
130.0
330.0
370.0
140.0
300.0
230.0
630.0
300.0
200.0
500.0
310.0
240.0
290.0
110.0
240.0
220.0
130.0
150.0
740.0
190.0
230.0
320.0
290.0
340.0
240.0
320.0
320.0
480.0
250.0
530.0
310.0
310.0
260.0
220.0
360.0
310.0
160.0
300.0
220.0
340.0
250.0
220.0
220.0
610.0
230.0
270.0
220.0
230.0
330.0
300.0
1190.0
230.0
360.0
340.0
230.0
200.0
1160.0
160.0
170.0
270.0
550.0
280.0
280.0
270.0
230.0
190.0
240.0
280.0
180.0
260.0
320.0
530.0
240.0
350.0
200.0
330.0
130.0
210.0
340.0
330.0
280.0
900.0
340.0
320.0
210.0
170.0
370.0
280.0
380.0
350.0
380.0
670.0
270.0
290.0
260.0
170.0
230.0
240.0
210.0
130.0
200.0
170.0
410.0
310.0
240.0
390.0
210.0
210.0
270.0
190.0
490.0
350.0
300.0
390.0
380.0
230.0
200.0
200.0
170.0
330.0
630.0
470.0
280.0
270.0
220.0
530.0
210.0
270.0
230.0
260.0
610.0
890.0
270.0
360.0
290.0
160.0
370.0
300.0
260.0
380.0
270.0
500.0
310.0
180.0
710.0
790.0
570.0
350.0
380.0
300.0
80.0
1010.0
430.0
300.0
240.0
320.0
350.0
210.0
250.0
540.0
320.0
450.0
280.0
330.0
720.0
240.0
1050.0
1690.0
550.0
230.0
180.0
500.0
520.0
320.0
170.0
260.0
150.0
1060.0
220.0
250.0
230.0
230.0
280.0
840.0
240.0
230.0
360.0
210.0
320.0
330.0
660.0
280.0
710.0
300.0
220.0
330.0
1810.0
690.0
120.0
290.0
380.0
1080.0
180.0
180.0
340.0
350.0
340.0
340.0
130.0
200.0
250.0
590.0
400.0
330.0
650.0
200.0
180.0
610.0
310.0
360.0
270.0
280.0
220.0
480.0
210.0
240.0
260.0
330.0
460.0
180.0
390.0
540.0
1010.0
330.0
1000.0
280.0
360.0
290.0
270.0
630.0
180.0
260.0
1000.0
900.0
570.0
220.0
200.0
300.0
260.0
160.0
220.0
290.0
270.0
190.0
340.0
290.0
620.0
600.0
380.0
790.0
310.0
260.0
340.0
310.0
130.0
290.0
100.0
870.0
390.0
290.0
260.0
270.0
220.0
450.0
270.0
190.0
320.0
650.0
170.0
350.0
220.0
540.0
780.0
210.0
280.0
560.0
440.0
500.0
450.0
430.0
330.0
160.0
280.0
380.0
1340.0
730.0
390.0
370.0
690.0
370.0
260.0
360.0
840.0
620.0
270.0
320.0
590.0
560.0
400.0
350.0
240.0
600.0
800.0
1070.0
1040.0
310.0
240.0
390.0
270.0
330.0
250.0
720.0
180.0
260.0
230.0
540.0
750.0
260.0
900.0
300.0
810.0
180.0
250.0
630.0
230.0
310.0
700.0
250.0
240.0
540.0
1120.0
650.0
270.0
150.0
130.0
960.0
240.0
220.0
280.0
710.0
720.0
700.0
370.0
240.0
570.0
290.0
1260.0
320.0
500.0
250.0
470.0
540.0
300.0
360.0
310.0
180.0
150.0
390.0
490.0
290.0
150.0
240.0
370.0
260.0
300.0
540.0
170.0
340.0
280.0
690.0
610.0
270.0
600.0
330.0
290.0
220.0
400.0
600.0
670.0
390.0
490.0
350.0
360.0
400.0
340.0
320.0
290.0
340.0
160.0
470.0
360.0
660.0
280.0
250.0
950.0
2210.0
260.0
880.0
360.0
300.0
300.0
350.0
440.0
220.0
390.0
190.0
290.0
540.0
310.0
280.0
400.0
280.0
630.0
230.0
220.0
560.0
590.0
340.0
710.0
330.0
370.0
990.0
170.0
730.0
420.0
240.0
430.0
230.0
440.0
760.0
200.0
450.0
210.0
410.0
240.0
410.0
130.0
360.0
300.0
1070.0
330.0
190.0
620.0
430.0
1370.0
700.0
410.0
340.0
260.0
220.0
330.0
560.0
220.0
210.0
160.0
470.0
1170.0
510.0
770.0
560.0
300.0
250.0
370.0
320.0
620.0
260.0
330.0
460.0
260.0
290.0
250.0
250.0
640.0
1190.0
260.0
340.0
990.0
690.0
150.0
320.0
380.0
260.0
960.0
450.0
530.0
250.0
320.0
200.0
520.0
930.0
240.0
260.0
1220.0
740.0
440.0
290.0
260.0
730.0
280.0
410.0
240.0
1810.0
930.0
1080.0
410.0
270.0
1080.0
330.0
580.0
1180.0
250.0
480.0
260.0
390.0
190.0
380.0
210.0
180.0
280.0
1050.0
300.0
350.0
200.0
420.0
170.0
460.0
280.0
250.0
480.0
290.0
240.0
220.0
280.0
260.0
350.0
1030.0
250.0
200.0
640.0
740.0
270.0
780.0
190.0
320.0
180.0
270.0
220.0
310.0
960.0
250.0
200.0
280.0
400.0
640.0
800.0
200.0
920.0
210.0
190.0
520.0
210.0
320.0
330.0
440.0
230.0
650.0
260.0
830.0
930.0
220.0
530.0
320.0
410.0
250.0
190.0
560.0
540.0
720.0
260.0
550.0
700.0
280.0
350.0
450.0
250.0
1070.0
360.0
320.0
720.0
390.0
540.0
990.0
490.0
200.0
580.0
610.0
680.0
380.0
790.0
1120.0
330.0
210.0
510.0
370.0
490.0
820.0
980.0
840.0
330.0
530.0
650.0
180.0
1120.0
540.0
120.0
500.0
250.0
500.0
310.0
420.0
480.0
430.0
690.0
1130.0
350.0
650.0
320.0
480.0
600.0
300.0
1460.0
490.0
290.0
250.0
290.0
790.0
290.0
260.0
320.0
180.0
220.0
580.0
730.0
150.0
1130.0
310.0
560.0
370.0
320.0
180.0
620.0
190.0
320.0
570.0
550.0
450.0
330.0
680.0
600.0
220.0
330.0
990.0
710.0
1060.0
390.0
460.0
250.0
940.0
250.0
130.0
270.0
290.0
460.0
270.0
120.0
2240.0
440.0
1030.0
250.0
480.0
360.0
680.0
330.0
440.0
880.0
370.0
670.0
510.0
380.0
510.0
610.0
480.0
290.0
920.0
670.0
280.0
290.0
1750.0
370.0
290.0
340.0
450.0
280.0
290.0
310.0
980.0
340.0
560.0
280.0
200.0
260.0
300.0
380.0
280.0
600.0
1060.0
240.0
240.0
780.0
270.0
340.0
420.0
540.0
460.0
810.0
320.0
370.0
600.0
460.0
490.0
550.0
380.0
180.0
230.0
530.0
480.0
330.0
210.0
720.0
540.0
960.0
170.0
450.0
500.0
320.0
320.0
580.0
290.0
350.0
220.0
1280.0
1090.0
320.0
340.0
370.0
230.0
240.0
680.0
340.0
500.0
850.0
220.0
1140.0
200.0
610.0
1060.0
660.0
240.0
470.0
580.0
1440.0
520.0
330.0
260.0
510.0
260.0
780.0
240.0
440.0
890.0
520.0
470.0
320.0
240.0
320.0
290.0
240.0
970.0
240.0
370.0
330.0
330.0
200.0
450.0
620.0
240.0
290.0
400.0
320.0
370.0
720.0
450.0
650.0
660.0
330.0
270.0
270.0
350.0
320.0
550.0
400.0
250.0
390.0
260.0
470.0
400.0
680.0
270.0
320.0
260.0
550.0
320.0
740.0
1010.0
270.0
520.0
460.0
520.0
570.0
640.0
200.0
300.0
400.0
950.0
330.0
230.0
1040.0
470.0
920.0
300.0
240.0
640.0
390.0
630.0
630.0
270.0
300.0
530.0
220.0
2180.0
1150.0
1380.0
460.0
410.0
330.0
360.0
1160.0
300.0
720.0
160.0
380.0
230.0
290.0
660.0
640.0
280.0
550.0
340.0
710.0
660.0
440.0
180.0
600.0
660.0
1450.0
380.0
870.0
940.0
370.0
400.0
300.0
210.0
1030.0
250.0
380.0
580.0
680.0
1100.0
160.0
280.0
300.0
640.0
520.0
1120.0
330.0
1280.0
760.0
250.0
640.0
280.0
360.0
720.0
680.0
310.0
560.0
430.0
200.0
630.0
330.0
300.0
450.0
600.0
290.0
270.0
860.0
390.0
640.0
750.0
580.0
300.0
1020.0
440.0
550.0
260.0
460.0
830.0
560.0
720.0
310.0
270.0
230.0
830.0
610.0
1850.0
400.0
880.0
850.0
670.0
340.0
920.0
240.0
840.0
380.0
360.0
600.0
580.0
290.0
340.0
440.0
1380.0
360.0
320.0
280.0
280.0
650.0
740.0
800.0
680.0
550.0
370.0
200.0
660.0
430.0
470.0
240.0
460.0
690.0
2200.0
400.0
500.0
540.0
820.0
350.0
290.0
470.0
730.0
930.0
220.0
980.0
820.0
580.0
1140.0
1040.0
450.0
680.0
230.0
480.0
910.0
380.0
310.0
480.0
2320.0
300.0
480.0
730.0
480.0
480.0
760.0
310.0
420.0
380.0
820.0
770.0
750.0
1490.0
830.0
330.0
460.0
260.0
890.0
410.0
1050.0
330.0
810.0
280.0
800.0
140.0
570.0
1210.0
200.0
850.0
1480.0
530.0
240.0
1040.0
480.0
1050.0
270.0
240.0
600.0
710.0
390.0
500.0
430.0
320.0
1300.0
860.0
740.0
850.0
560.0
530.0
1030.0
1060.0
520.0
890.0
670.0
500.0
350.0
360.0
820.0
640.0
410.0
850.0
820.0
1080.0
320.0
1250.0
1080.0
630.0
400.0
1120.0
290.0
400.0
1100.0
860.0
230.0
390.0
630.0
650.0
1160.0
270.0
320.0
1300.0
790.0
1230.0
900.0
670.0
590.0
1180.0
280.0
450.0
700.0
1140.0
930.0
640.0
1280.0
1340.0
1070.0
850.0
460.0
1090.0
340.0
320.0
2000.0
460.0
950.0
710.0
780.0
160.0
360.0
280.0
580.0
1120.0
850.0
320.0
650.0
1060.0
250.0
630.0
2820.0
1020.0
740.0
450.0
500.0
290.0
1330.0
270.0
1050.0
930.0
870.0
200.0
1000.0
600.0
1000.0
320.0
1250.0
1340.0
4120.0
1150.0
780.0
1050.0
1020.0
410.0
1060.0
910.0
2000.0
1060.0
1110.0
950.0
730.0
590.0
390.0
1060.0
1470.0
350.0
750.0
720.0
400.0
700.0
1350.0
1830.0
870.0
1700.0
1120.0
710.0
580.0
1390.0
490.0
870.0
1660.0
700.0
1890.0
1120.0
850.0
810.0
2150.0
720.0
880.0
1230.0
1880.0
870.0
680.0
1160.0
1010.0
430.0
960.0
1000.0
600.0
1000.0
690.0
580.0
770.0
530.0
1490.0
320.0
1420.0
1070.0
1240.0
760.0
1050.0
550.0
740.0
380.0
650.0
800.0
730.0
2280.0
1260.0
1430.0
420.0
1180.0
480.0
270.0
470.0
410.0
360.0
930.0
1520.0
1010.0
750.0
1130.0
3780.0
1350.0
580.0
1360.0
710.0
840.0
1180.0
1010.0
620.0
500.0
1280.0
990.0
590.0
520.0
1310.0
870.0
570.0
220.0
1180.0
1110.0
750.0
440.0
1430.0
270.0
1370.0
600.0
650.0
700.0
550.0
450.0
310.0
330.0
600.0
710.0
590.0
800.0
1960.0
750.0
1070.0
1090.0
720.0
660.0
810.0
320.0
270.0
600.0
890.0
920.0
1660.0
560.0
2260.0
940.0
760.0
1130.0
1040.0
880.0
1540.0
880.0
1180.0
1010.0
1350.0
850.0
990.0
730.0
1430.0
710.0
430.0
1500.0
350.0
780.0
300.0
950.0
2120.0
1210.0
660.0
570.0
480.0
1200.0
520.0
850.0
900.0
1460.0
670.0
860.0
750.0
240.0
1000.0
880.0
1090.0
510.0
1530.0
1850.0
680.0
860.0
1440.0
960.0
630.0
730.0
840.0
440.0
1100.0
800.0
690.0
1150.0
540.0
630.0
890.0
470.0
1260.0
1180.0
1400.0
1110.0
590.0
1010.0
610.0
2060.0
780.0
890.0
910.0
1070.0
860.0
1120.0
1720.0
670.0
830.0
1760.0
1840.0
1090.0
1990.0
760.0
520.0
250.0
1250.0
950.0
1190.0
670.0
1400.0
1160.0
310.0
1090.0
550.0
810.0
860.0
870.0
790.0
740.0
740.0
1130.0
800.0
1520.0
680.0
840.0
560.0
1180.0
880.0
940.0
350.0
720.0
700.0
440.0
1490.0
1930.0
1030.0
940.0
990.0
600.0
1520.0
1400.0
500.0
1120.0
2130.0
1330.0
580.0
890.0
660.0
2390.0
710.0
470.0
1050.0
610.0
1480.0
920.0
830.0
990.0
840.0
1500.0
620.0
2070.0
600.0
1100.0
590.0
950.0
540.0
690.0
350.0
910.0
660.0
680.0
1620.0
1320.0
1980.0
980.0
1120.0
1530.0
670.0
1410.0
680.0
820.0
820.0
880.0
840.0
770.0
1750.0
540.0
780.0
520.0
790.0
1280.0
920.0
940.0
630.0
1680.0
590.0
730.0
1550.0
800.0
360.0
570.0
760.0
600.0
590.0
760.0
1060.0
1230.0
1000.0
1250.0
880.0
1230.0
780.0
660.0
1380.0
2130.0
770.0
1000.0
930.0
1630.0
660.0
890.0
910.0
730.0
570.0
730.0
350.0
480.0
640.0
320.0
780.0
1500.0
760.0
1180.0
1510.0
400.0
590.0
1420.0
1240.0
680.0
940.0
550.0
1110.0
1280.0
660.0
880.0
760.0
1470.0
720.0
860.0
1070.0
720.0
810.0
850.0
210.0
1820.0
880.0
690.0
560.0
1940.0
3580.0
850.0
1760.0
720.0
640.0
920.0
660.0
1230.0
360.0
850.0
970.0
810.0
750.0
670.0
670.0
600.0
750.0
960.0
840.0
1030.0
1000.0
2160.0
1800.0
970.0
950.0
400.0
930.0
790.0
340.0
1030.0
620.0
1220.0
1160.0
1390.0
1590.0
700.0
1010.0
270.0
450.0
1120.0
860.0
1080.0
420.0
1010.0
1340.0
630.0
750.0
900.0
1400.0
660.0
3560.0
2070.0
650.0
2080.0
1350.0
720.0
900.0
410.0
650.0
660.0
1470.0
990.0
1070.0
1000.0
910.0
570.0
1140.0
1550.0
820.0
640.0
920.0
760.0
1520.0
1140.0
1020.0
880.0
1220.0
960.0
540.0
400.0
940.0
720.0
910.0
1220.0
810.0
1140.0
860.0
1240.0
420.0
540.0
1460.0
830.0
1050.0
1090.0
700.0
1090.0
640.0
1440.0
940.0
470.0
430.0
1990.0
1290.0
1580.0
1250.0
1410.0
650.0
900.0
530.0
640.0
1520.0
840.0
590.0
1160.0
780.0
1480.0
930.0
730.0
730.0
740.0
2310.0
1640.0
820.0
1130.0
1260.0
1740.0
1200.0
1000.0
1180.0
1110.0
630.0
1380.0
850.0
770.0
710.0
1200.0
350.0
1270.0
840.0
1410.0
950.0
1110.0
1300.0
850.0
1660.0
1010.0
1150.0
660.0
960.0
760.0
1140.0
270.0
510.0
970.0
1980.0
710.0
800.0
1040.0
1050.0
2410.0
3490.0
1560.0
1030.0
1080.0
1380.0
910.0
2310.0
1610.0
1560.0
1520.0
1200.0
2060.0
700.0
860.0
1560.0
790.0
540.0
1430.0
1620.0
880.0
1000.0
1150.0
1100.0
760.0
1280.0
1060.0
690.0
680.0
590.0
1490.0
430.0
770.0
1210.0
1340.0
1320.0
790.0
1240.0
810.0
1230.0
1680.0
1590.0
1530.0
1040.0
1050.0
850.0
780.0
760.0
1100.0
1280.0
2240.0
1210.0
1980.0
860.0
520.0
810.0
1340.0
470.0
2080.0
740.0
680.0
1360.0
1160.0
670.0
970.0
1200.0
1620.0
1050.0
660.0
810.0
800.0
1290.0
2030.0
810.0
950.0
640.0
2360.0
740.0
830.0
1540.0
500.0
1130.0
2040.0
750.0
1170.0
1500.0
890.0
780.0
1270.0
1050.0
830.0
750.0
1990.0
940.0
2630.0
950.0
380.0
660.0
650.0
950.0
890.0
1660.0
690.0
2580.0
1090.0
2370.0
1480.0
2990.0
800.0
2610.0
930.0
690.0
1570.0
970.0
760.0
670.0
1250.0
1470.0
1090.0
910.0
2530.0
1510.0
1410.0
2080.0
570.0
970.0
1180.0
1460.0
2080.0
920.0
680.0
1230.0
690.0
1320.0
1550.0
2470.0
730.0
950.0
1000.0
940.0
340.0
890.0
1110.0
1090.0
590.0
1100.0
950.0
1630.0
720.0
1020.0
1470.0
1170.0
720.0
1370.0
2740.0
600.0
1590.0
610.0
940.0
1100.0
840.0
670.0
1020.0
1080.0
1470.0
870.0
1190.0
1500.0
2000.0
1010.0
1410.0
1040.0
370.0
1090.0
870.0
1310.0
1090.0
1900.0
1120.0
2080.0
1250.0
1030.0
770.0
580.0
860.0
930.0
1300.0
1650.0
1270.0
1220.0
920.0
1200.0
990.0
1100.0
540.0
1360.0
1000.0
1760.0
1300.0
1090.0
710.0
1090.0
310.0
1820.0
880.0
4290.0
790.0
820.0
350.0
2000.0
3350.0
1720.0
980.0
580.0
590.0
1070.0
950.0
1110.0
740.0
1470.0
1240.0
1420.0
580.0
1340.0
1040.0
860.0
850.0
1400.0
1070.0
3100.0
2330.0
1080.0
970.0
1350.0
830.0
730.0
1340.0
1000.0
2340.0
1220.0
1470.0
1040.0
1630.0
1230.0
1380.0
1710.0
1020.0
1910.0
1080.0
1290.0
280.0
1140.0
720.0
1520.0
830.0
2260.0
950.0
680.0
1650.0
900.0
1280.0
1190.0
890.0
940.0
560.0
1030.0
1320.0
2140.0
1530.0
1560.0
920.0
1800.0
1310.0
1270.0
1240.0
1600.0
780.0
760.0
690.0
1120.0
1250.0
510.0
770.0
990.0
2460.0
980.0
770.0
2540.0
1280.0
770.0
1370.0
700.0
360.0
1450.0
2130.0
1370.0
1540.0
1310.0
1240.0
1520.0
790.0
1000.0
870.0
1020.0
730.0
2400.0
2180.0
630.0
1810.0
2740.0
530.0
1140.0
1190.0
1040.0
1300.0
1440.0
1600.0
1090.0
2050.0
1480.0
1140.0
1820.0
1300.0
1270.0
930.0
760.0
1880.0
980.0
520.0
1280.0
1300.0
710.0
1620.0
1540.0
1060.0
940.0
1450.0
1430.0
1320.0
1270.0
610.0
1690.0
1950.0
1170.0
760.0
1070.0
940.0
700.0
1430.0
750.0
580.0
1690.0
870.0
1180.0
1520.0
650.0
770.0
1030.0
1210.0
1690.0
1920.0
1720.0
1900.0
1960.0
1060.0
850.0
1290.0
970.0
1580.0
760.0
2170.0
1330.0
1130.0
990.0
970.0
1300.0
1170.0
840.0
1030.0
940.0
750.0
1790.0
930.0
1640.0
1920.0
1100.0
1290.0
860.0
1930.0
650.0
550.0
770.0
850.0
1110.0
1300.0
1030.0
1370.0
2110.0
2460.0
2420.0
1000.0
1560.0
1120.0
1810.0
1140.0
1450.0
2140.0
1180.0
900.0
1580.0
1110.0
1090.0
930.0
610.0
780.0
1080.0
970.0
1860.0
750.0
1690.0
930.0
730.0
930.0
1210.0
1680.0
1710.0
1330.0
1390.0
1120.0
1520.0
900.0
1970.0
2270.0
1280.0
1440.0
1180.0
1160.0
1370.0
1420.0
1210.0
1000.0
1880.0
1580.0
1090.0
1040.0
1100.0
620.0
1950.0
530.0
3760.0
1860.0
770.0
780.0
1270.0
2210.0
1060.0
1640.0
690.0
1700.0
2150.0
3150.0
610.0
1130.0
890.0
1270.0
1320.0
1420.0
1950.0
830.0
980.0
1400.0
710.0
580.0
1330.0
1010.0
1290.0
1420.0
1040.0
1250.0
1170.0
910.0
2290.0
1430.0
2590.0
1320.0
3880.0
580.0
890.0
1470.0
800.0
610.0
1130.0
1100.0
950.0
1850.0
2000.0
1100.0
1320.0
1470.0
1840.0
980.0
700.0
990.0
1680.0
1620.0
1830.0
1770.0
990.0
1240.0
1240.0
1090.0
1210.0
1550.0
820.0
1250.0
1370.0
2760.0
1450.0
1340.0
2010.0
1520.0
1410.0
2580.0
1690.0
2090.0
1370.0
600.0
830.0
1310.0
1900.0
1760.0
1150.0
1060.0
1530.0
1520.0
1050.0
1370.0
2550.0
800.0
1320.0
620.0
1470.0
1470.0
630.0
350.0
1340.0
1460.0
2590.0
1210.0
1300.0
1640.0
1810.0
1440.0
1100.0
2420.0
1860.0
1300.0
1280.0
840.0
1930.0
1080.0
1570.0
750.0
2590.0
1490.0
1360.0
3330.0
630.0
1040.0
1220.0
2260.0
1030.0
860.0
1880.0
1150.0
1420.0
1150.0
1090.0
770.0
1210.0
1320.0
1340.0
870.0
1690.0
1880.0
1600.0
1030.0
1640.0
1350.0
1080.0
1270.0
1060.0
1240.0
800.0
1610.0
1880.0
1120.0
2120.0
1340.0
1720.0
1540.0
530.0
1490.0
1020.0
1660.0
570.0
800.0
810.0
950.0
2110.0
910.0
1150.0
1810.0
1480.0
1600.0
1280.0
2000.0
1700.0
1480.0
1170.0
1240.0
810.0
1850.0
1400.0
780.0
1120.0
1150.0
1720.0
790.0
1670.0
1100.0
1710.0
1270.0
1860.0
1060.0
1240.0
1620.0
1960.0
1070.0
1220.0
3070.0
910.0
870.0
1480.0
860.0
2060.0
1610.0
1470.0
1220.0
570.0
990.0
2940.0
720.0
1060.0
1330.0
1310.0
2400.0
1280.0
1420.0
1560.0
1250.0
1280.0
1320.0
2090.0
2190.0
1450.0
1030.0
2300.0
850.0
910.0
1340.0
610.0
690.0
1430.0
2770.0
350.0
850.0
1890.0
1080.0
2020.0
2010.0
1460.0
1740.0
630.0
1420.0
2040.0
1360.0
1820.0
2290.0
890.0
1310.0
1810.0
1870.0
1580.0
720.0
1320.0
1700.0
840.0
1640.0
1240.0
1310.0
900.0
990.0
1440.0
1330.0
1440.0
1320.0
2670.0
600.0
1220.0
1530.0
1470.0
870.0
1260.0
1130.0
1030.0
830.0
1500.0
1230.0
770.0
1940.0
1100.0
1570.0
650.0
930.0
1020.0
880.0
1500.0
2040.0
890.0
1130.0
2470.0
630.0
1310.0
1190.0
1140.0
1900.0
1390.0
1310.0
1280.0
1000.0
2730.0
3470.0
1050.0
1020.0
1280.0
990.0
1880.0
900.0
3030.0
600.0
1020.0
2360.0
590.0
950.0
2270.0
1470.0
900.0
1400.0
1450.0
2720.0
1300.0
1200.0
2830.0
1320.0
1830.0
1310.0
2710.0
990.0
1340.0
1540.0
990.0
1620.0
1090.0
760.0
2540.0
2600.0
770.0
1710.0
1360.0
950.0
920.0
1780.0
2130.0
1690.0
1700.0
1410.0
1290.0
1030.0
1500.0
2210.0
2040.0
360.0
1770.0
1300.0
1150.0
1440.0
1910.0
940.0
2480.0
770.0
1320.0
850.0
1260.0
1300.0
1840.0
830.0
1430.0
790.0
1280.0
300.0
2010.0
2520.0
1140.0
1580.0
1250.0
1780.0
2010.0
320.0
970.0
1210.0
1850.0
1100.0
900.0
1490.0
1760.0
1410.0
2450.0
1160.0
1690.0
1770.0
1240.0
2040.0
1760.0
1180.0
2330.0
1820.0
1310.0
1630.0
1850.0
560.0
1580.0
1530.0
2650.0
890.0
1180.0
1230.0
1180.0
1640.0
3040.0
1470.0
2700.0
1540.0
1150.0
540.0
2190.0
1340.0
1640.0
1810.0
2120.0
1590.0
2260.0
2560.0
2370.0
1920.0
1520.0
1840.0
1110.0
930.0
1260.0
2020.0
1280.0
2930.0
220.0
1970.0
3650.0
850.0
1380.0
2110.0
2100.0
1420.0
840.0
1650.0
1320.0
2100.0
1330.0
1200.0
580.0
2130.0
1500.0
2290.0
1820.0
1140.0
330.0
330.0
790.0
2560.0
3540.0
760.0
720.0
2380.0
910.0
2880.0
2460.0
2070.0
1140.0
1640.0
2170.0
1710.0
2010.0
1920.0
2080.0
580.0
1900.0
2350.0
1960.0
1140.0
1660.0
1870.0
1870.0
1120.0
830.0
860.0
2670.0
1060.0
1250.0
940.0
1230.0
1140.0
610.0
980.0
860.0
1780.0
1130.0
510.0
1040.0
1790.0
1420.0
1800.0
290.0
1290.0
1910.0
1480.0
1580.0
2040.0
1460.0
1770.0
1450.0
1080.0
2310.0
1270.0
1720.0
1040.0
1030.0
1040.0
2260.0
1360.0
660.0
1250.0
1080.0
1140.0
1250.0
1050.0
1490.0
3360.0
780.0
1720.0
2290.0
1710.0
1980.0
2570.0
1230.0
1570.0
1020.0
1260.0
2090.0
2010.0
1710.0
580.0
1720.0
1050.0
2240.0
2380.0
660.0
1900.0
1670.0
2580.0
1030.0
3110.0
700.0
670.0
2030.0
1420.0
1220.0
1500.0
1890.0
830.0
1730.0
1090.0
2410.0
1320.0
1840.0
780.0
1200.0
1230.0
1840.0
2890.0
1470.0
2970.0
1550.0
2020.0
1120.0
1770.0
1250.0
1450.0
1450.0
2600.0
1110.0
1920.0
770.0
1140.0
1020.0
240.0
690.0
1660.0
1550.0
770.0
1350.0
4450.0
870.0
1730.0
2320.0
860.0
1800.0
1270.0
2450.0
1290.0
1240.0
1230.0
1150.0
1320.0
950.0
1170.0
830.0
2110.0
1080.0
1800.0
690.0
600.0
1370.0
1630.0
1150.0
1150.0
930.0
1550.0
2500.0
1110.0
1120.0
1120.0
760.0
1390.0
980.0
1300.0
3330.0
800.0
1840.0
1460.0
1570.0
840.0
1450.0
1840.0
1290.0
4110.0
1110.0
2230.0
1310.0
860.0
1010.0
1410.0
1100.0
910.0
680.0
2310.0
1360.0
1100.0
1700.0
890.0
1690.0
1820.0
1250.0
580.0
1130.0
990.0
1140.0
1140.0
1040.0
1260.0
1070.0
1000.0
1980.0
2450.0
2040.0
2130.0
1960.0
1150.0
980.0
1860.0
1540.0
1590.0
1510.0
2500.0
1970.0
870.0
1980.0
260.0
1540.0
540.0
1580.0
1550.0
1760.0
1810.0
720.0
730.0
1330.0
930.0
690.0
2470.0
1490.0
2250.0
1470.0
2230.0
1840.0
1000.0
1550.0
170.0
1680.0
1860.0
2020.0
890.0
2450.0
1560.0
1520.0
1210.0
1450.0
1550.0
3020.0
3350.0
940.0
1060.0
1100.0
900.0
1270.0
1700.0
1060.0
1010.0
1800.0
1090.0
1500.0
2180.0
1370.0
1080.0
650.0
2600.0
730.0
1270.0
1510.0
1590.0
1820.0
1450.0
1570.0
1400.0
2430.0
2230.0
930.0
3260.0
1120.0
940.0
760.0
1880.0
1060.0
1990.0
1020.0
860.0
1140.0
2340.0
1310.0
910.0
1950.0
1730.0
1840.0
1070.0
1510.0
3070.0
1130.0
1390.0
1090.0
960.0
1360.0
1230.0
1650.0
2200.0
1860.0
1900.0
2250.0
1190.0
1260.0
1050.0
2020.0
1050.0
1430.0
2840.0
2690.0
2250.0
1390.0
970.0
1340.0
710.0
1030.0
850.0
1330.0
1650.0
1140.0
2080.0
2530.0
1030.0
1760.0
2070.0
1780.0
1210.0
1790.0
1340.0
1150.0
1390.0
1720.0
580.0
1100.0
1810.0
2820.0
890.0
1290.0
1170.0
1900.0
2950.0
2140.0
2130.0
1480.0
1580.0
1260.0
620.0
1190.0
990.0
1320.0
1440.0
1340.0
1690.0
1030.0
1880.0
1060.0
1010.0
1900.0
1130.0
1270.0
1120.0
1640.0
1100.0
1820.0
1920.0
1200.0
1470.0
2150.0
1700.0
1230.0
2270.0
1100.0
1000.0
1940.0
4990.0
1380.0
1670.0
1080.0
540.0
1350.0
1040.0
1920.0
930.0
2480.0
1520.0
1380.0
980.0
1130.0
740.0
640.0
1130.0
770.0
2360.0
860.0
2510.0
470.0
1440.0
340.0
1140.0
2050.0
940.0
1300.0
1190.0
2580.0
1220.0
4090.0
1470.0
1750.0
1880.0
1210.0
710.0
1170.0
1110.0
840.0
3440.0
2070.0
1210.0
1640.0
970.0
1330.0
1090.0
740.0
980.0
1050.0
960.0
1690.0
980.0
1660.0
1510.0
900.0
670.0
2610.0
1380.0
1090.0
490.0
1430.0
1180.0
990.0
1440.0
1180.0
3550.0
1710.0
1120.0
1110.0
1290.0
1080.0
1790.0
1460.0
2240.0
2450.0
2050.0
1080.0
1370.0
1660.0
1460.0
2500.0
1130.0
1340.0
1620.0
1560.0
2280.0
1190.0
1260.0
1320.0
1280.0
1630.0
1390.0
1650.0
960.0
1880.0
980.0
1320.0
930.0
2050.0
1350.0
2110.0
2600.0
1590.0
1840.0
850.0
1680.0
970.0
1780.0
1360.0
2130.0
1300.0
1270.0
910.0
1800.0
1500.0
2660.0
1830.0
1800.0
3010.0
970.0
1570.0
1430.0
1230.0
710.0
1610.0
1200.0
510.0
1640.0
960.0
1500.0
1660.0
3400.0
2300.0
3700.0
2010.0
1540.0
1060.0
3070.0
1720.0
1430.0
1410.0
1810.0
3680.0
1820.0
3620.0
1870.0
2360.0
2130.0
1470.0
1130.0
1900.0
2320.0
960.0
1380.0
2390.0
1090.0
700.0
1700.0
1190.0
1400.0
1010.0
1190.0
2250.0
1070.0
880.0
1240.0
1290.0
1630.0
1200.0
1130.0
2400.0
1200.0
1690.0
1900.0
1010.0
620.0
2230.0
1240.0
1570.0
2250.0
430.0
1620.0
1960.0
1660.0
1730.0
1150.0
1050.0
1880.0
1510.0
970.0
1670.0
1030.0
3030.0
1780.0
1320.0
2460.0
1350.0
1580.0
3050.0
1210.0
1910.0
1230.0
1750.0
990.0
1080.0
1050.0
1890.0
2980.0
1290.0
2420.0
2100.0
1560.0
930.0
1800.0
1640.0
3590.0
2880.0
1400.0
4840.0
1670.0
1480.0
1410.0
1730.0
1950.0
770.0
1070.0
1080.0
2260.0
1840.0
1430.0
1770.0
3400.0
1460.0
1420.0
1510.0
2660.0
920.0
1490.0
1230.0
1350.0
2990.0
3440.0
710.0
470.0
1330.0
1370.0
2430.0
1820.0
1490.0
1750.0
910.0
1260.0
1540.0
1350.0
2030.0
1960.0
1270.0
1980.0
1810.0
2000.0
960.0
1640.0
3420.0
1300.0
1460.0
690.0
1330.0
1340.0
1270.0
1510.0
1060.0
1970.0
2310.0
1850.0
2460.0
1640.0
2530.0
1100.0
1480.0
1300.0
1030.0
4440.0
570.0
1460.0
1200.0
1330.0
2710.0
1890.0
1960.0
1510.0
4580.0
1030.0
760.0
1680.0
810.0
1670.0
890.0
730.0
1820.0
1030.0
4790.0
3120.0
1050.0
1230.0
1100.0
3030.0
990.0
3220.0
1150.0
1870.0
1100.0
1810.0
750.0
1770.0
810.0
1280.0
1460.0
470.0
1290.0
4150.0
870.0
1330.0
1950.0
1520.0
2000.0
1570.0
2280.0
1610.0
1410.0
2390.0
1410.0
2280.0
1470.0
1310.0
740.0
1800.0
1800.0
940.0
1260.0
1030.0
3330.0
1590.0
1120.0
2040.0
1140.0
2590.0
1200.0
1590.0
1530.0
2350.0
1190.0
1040.0
1410.0
1310.0
3040.0
1620.0
1900.0
1240.0
780.0
930.0
2400.0
1990.0
1960.0
1330.0
1040.0
840.0
2610.0
1210.0
1880.0
1450.0
1260.0
1040.0
1710.0
1590.0
830.0
880.0
1210.0
440.0
2000.0
940.0
1730.0
1360.0
1350.0
1560.0
1470.0
1310.0
1210.0
1340.0
1460.0
2830.0
1800.0
1750.0
1620.0
1330.0
1230.0
1530.0
1540.0
1340.0
2250.0
2170.0
2140.0
1230.0
1140.0
1870.0
1250.0
1900.0
2200.0
1340.0
2420.0
1780.0
1720.0
1790.0
2070.0
1600.0
1370.0
1320.0
1980.0
1620.0
1450.0
1910.0
1900.0
1170.0
1580.0
1080.0
1500.0
460.0
700.0
1680.0
1540.0
1730.0
2110.0
1110.0
2190.0
1840.0
780.0
1750.0
1790.0
790.0
1560.0
2270.0
750.0
1210.0
1020.0
1200.0
1400.0
1600.0
1160.0
1700.0
1310.0
1340.0
1520.0
930.0
1190.0
2540.0
1040.0
2270.0
820.0
1340.0
1540.0
810.0
1830.0
1630.0
3350.0
1230.0
2190.0
2530.0
2460.0
1350.0
2490.0
3180.0
980.0
1040.0
670.0
1100.0
1380.0
1460.0
1380.0
790.0
1520.0
1010.0
2660.0
1110.0
1010.0
2030.0
840.0
2120.0
1230.0
2060.0
1730.0
2670.0
1200.0
2850.0
1510.0
1470.0
1070.0
1040.0
1630.0
510.0
3170.0
770.0
1530.0
3080.0
1650.0
1680.0
1870.0
2600.0
3060.0
2260.0
1050.0
1190.0
690.0
4270.0
1340.0
4270.0
1190.0
1950.0
1400.0
1000.0
1650.0
3040.0
1190.0
2590.0
1780.0
2810.0
2590.0
1160.0
1860.0
1230.0
1860.0
1880.0
1450.0
1990.0
1260.0
3950.0
930.0
1360.0
1510.0
1250.0
1100.0
2560.0
1230.0
1830.0
1560.0
910.0
730.0
2050.0
1910.0
530.0
1550.0
4120.0
870.0
2060.0
980.0
1830.0
810.0
1230.0
2940.0
1820.0
1610.0
1570.0
1210.0
1350.0
960.0
1110.0
1290.0
1180.0
1090.0
1750.0
1580.0
2490.0
1620.0
1700.0
1340.0
1260.0
1230.0
1690.0
2660.0
2390.0
1160.0
1650.0
1100.0
1350.0
1080.0
2390.0
830.0
1940.0
4010.0
1410.0
2230.0
1110.0
1460.0
750.0
2450.0
1620.0
1320.0
1470.0
1880.0
2800.0
1360.0
1150.0
1010.0
440.0
1270.0
1780.0
3370.0
1100.0
1630.0
920.0
2160.0
1340.0
1800.0
1290.0
1440.0
720.0
750.0
560.0
730.0
1630.0
2680.0
890.0
2170.0
1350.0
810.0
1470.0
2130.0
1560.0
1500.0
1040.0
1270.0
1550.0
2810.0
1670.0
370.0
1410.0
2110.0
2170.0
610.0
1810.0
1450.0
630.0
2400.0
1450.0
1400.0
2380.0
360.0
810.0
1070.0
830.0
2560.0
1600.0
1830.0
1940.0
2830.0
1220.0
1840.0
880.0
2680.0
1240.0
2000.0
1500.0
1380.0
1640.0
950.0
2050.0
970.0
2970.0
3290.0
1380.0
1580.0
830.0
1990.0
820.0
2020.0
3030.0
830.0
1080.0
1710.0
1690.0
3970.0
2630.0
710.0
1770.0
1700.0
1600.0
3240.0
680.0
2460.0
650.0
880.0
2260.0
4690.0
940.0
1880.0
1500.0
1230.0
1420.0
1650.0
1270.0
1320.0
1170.0
1880.0
210.0
1630.0
2020.0
800.0
730.0
1160.0
2070.0
580.0
1300.0
760.0
1710.0
2290.0
380.0
2460.0
740.0
1750.0
1870.0
590.0
1180.0
1160.0
4150.0
1760.0
2390.0
2570.0
2160.0
2550.0
2110.0
2190.0
1620.0
1090.0
1430.0
1580.0
640.0
1680.0
1490.0
1810.0
2360.0
2780.0
1700.0
860.0
2840.0
910.0
1370.0
2820.0
1460.0
1450.0
1880.0
830.0
1520.0
680.0
1050.0
1210.0
2550.0
1880.0
1750.0
1760.0
2750.0
1320.0
1810.0
1930.0
740.0
550.0
920.0
1740.0
1120.0
1110.0
1960.0
880.0
2110.0
1390.0
3000.0
890.0
590.0
1280.0
1020.0
3030.0
580.0
1060.0
400.0
640.0
3000.0
1650.0
1930.0
1790.0
1520.0
1580.0
1530.0
1460.0
1060.0
1140.0
1100.0
1630.0
790.0
2470.0
1280.0
1410.0
2640.0
2020.0
1240.0
910.0
1680.0
2280.0
2550.0
1140.0
1730.0
1920.0
1600.0
1790.0
1410.0
690.0
3720.0
2230.0
2560.0
540.0
2130.0
1380.0
1440.0
1220.0
1630.0
1100.0
650.0
1100.0
1670.0
2280.0
2260.0
2400.0
1050.0
1940.0
1320.0
1630.0
1550.0
1250.0
1000.0
1480.0
1800.0
3260.0
1430.0
2470.0
2230.0
840.0
1170.0
750.0
1430.0
3320.0
1500.0
1530.0
1120.0
2680.0
1700.0
1500.0
1550.0
1140.0
770.0
3470.0
2370.0
530.0
770.0
640.0
1760.0
1360.0
1140.0
1770.0
2830.0
940.0
1290.0
2120.0
890.0
1130.0
1970.0
2510.0
1550.0
1060.0
960.0
1120.0
2730.0
1390.0
1050.0
1810.0
1930.0
3100.0
1690.0
2160.0
1180.0
1180.0
1820.0
3140.0
2340.0
2570.0
1110.0
2490.0
1120.0
1090.0
1210.0
1380.0
1210.0
1310.0
1870.0
2460.0
2820.0
1540.0
1380.0
1210.0
1540.0
1580.0
730.0
2150.0
2340.0
1080.0
700.0
1890.0
2530.0
3010.0
1770.0
2260.0
1500.0
1720.0
1610.0
1770.0
1740.0
1350.0
1500.0
1090.0
1830.0
1210.0
1310.0
3120.0
570.0
1280.0
2710.0
1160.0
2270.0
1170.0
2730.0
2620.0
1900.0
2170.0
1110.0
1440.0
5070.0
1000.0
660.0
950.0
1210.0
630.0
1550.0
3140.0
1360.0
1390.0
2220.0
1850.0
1950.0
1580.0
1830.0
1460.0
2450.0
1720.0
1070.0
2560.0
1140.0
1620.0
2510.0
1680.0
1890.0
2570.0
820.0
1580.0
970.0
2060.0
3050.0
1420.0
1220.0
1670.0
3560.0
1140.0
1040.0
1620.0
1610.0
1220.0
1510.0
1910.0
1390.0
2100.0
1500.0
3310.0
1540.0
1360.0
1750.0
1000.0
1000.0
1020.0
1110.0
1430.0
2530.0
1320.0
2640.0
920.0
1690.0
2890.0
2870.0
1720.0
1240.0
2060.0
3100.0
2130.0
690.0
2040.0
1610.0
2870.0
1400.0
1610.0
2270.0
1180.0
2930.0
1770.0
1910.0
1780.0
2770.0
2380.0
2380.0
1740.0
1290.0
1390.0
1390.0
4620.0
2130.0
1050.0
2160.0
2350.0
1650.0
1350.0
1060.0
630.0
890.0
1840.0
1570.0
1090.0
1590.0
1130.0
2300.0
1310.0
1400.0
1250.0
1280.0
1630.0
1220.0
2480.0
1580.0
3020.0
2040.0
1110.0
1080.0
2050.0
1190.0
980.0
540.0
3350.0
1580.0
1840.0
1840.0
3910.0
1170.0
1060.0
1230.0
2890.0
2010.0
1330.0
4240.0
620.0
1570.0
700.0
990.0
1850.0
6170.0
1370.0
990.0
1620.0
2700.0
1260.0
1720.0
2230.0
2260.0
1630.0
1630.0
1790.0
1180.0
2780.0
600.0
1980.0
1160.0
3950.0
1360.0
1600.0
2140.0
740.0
1700.0
1390.0
1320.0
860.0
1170.0
2820.0
2030.0
1660.0
2750.0
2250.0
1150.0
3050.0
2130.0
2450.0
1670.0
660.0
1780.0
1850.0
1530.0
1510.0
1560.0
1760.0
2700.0
1990.0
1070.0
1510.0
1480.0
1300.0
2460.0
1930.0
830.0
870.0
1630.0
900.0
2050.0
1020.0
1530.0
1070.0
910.0
1270.0
1260.0
1080.0
850.0
1470.0
1060.0
2750.0
1220.0
1570.0
2970.0
1710.0
1720.0
2590.0
1760.0
2340.0
1200.0
1110.0
870.0
1820.0
1430.0
1440.0
1520.0
2050.0
2290.0
1010.0
1360.0
1750.0
2610.0
540.0
1350.0
1510.0
1280.0
1010.0
1590.0
1090.0
1420.0
1990.0
2200.0
1010.0
2040.0
610.0
1850.0
2140.0
1210.0
1690.0
1980.0
1380.0
1160.0
2520.0
2600.0
2720.0
3010.0
1920.0
2580.0
1150.0
1100.0
1810.0
2180.0
2650.0
1820.0
1870.0
1130.0
1860.0
1970.0
1630.0
2050.0
1440.0
1020.0
1900.0
1440.0
1580.0
1080.0
1780.0
1420.0
720.0
690.0
1160.0
1260.0
1670.0
1530.0
2050.0
1330.0
1620.0
1840.0
1280.0
970.0
1850.0
1100.0
1940.0
2290.0
1020.0
1120.0
1570.0
4910.0
1650.0
1760.0
650.0
2040.0
2680.0
2070.0
1500.0
1460.0
1560.0
860.0
2780.0
1350.0
1310.0
1770.0
750.0
1630.0
1000.0
2560.0
850.0
2720.0
3080.0
1820.0
720.0
2280.0
2370.0
2150.0
640.0
1260.0
1310.0
1790.0
840.0
1650.0
1520.0
2250.0
1310.0
1910.0
1810.0
2350.0
1280.0
1180.0
1270.0
1520.0
1830.0
1340.0
1460.0
1210.0
3220.0
950.0
800.0
1520.0
4240.0
960.0
2290.0
520.0
2030.0
860.0
2120.0
1620.0
800.0
2170.0
2630.0
1640.0
2810.0
1260.0
1900.0
1990.0
840.0
950.0
1340.0
2300.0
990.0
1650.0
1140.0
1090.0
1030.0
2510.0
1920.0
4550.0
1050.0
1090.0
1960.0
1800.0
2380.0
2170.0
1280.0
1790.0
1300.0
1200.0
4180.0
2080.0
1940.0
2390.0
2130.0
1830.0
1040.0
510.0
1230.0
2170.0
600.0
700.0
1160.0
1040.0
1730.0
1480.0
2190.0
1890.0
1230.0
1910.0
2480.0
2190.0
2110.0
1470.0
1480.0
1890.0
1480.0
1060.0
1170.0
3180.0
1620.0
4070.0
1420.0
1620.0
2560.0
1330.0
1280.0
1920.0
4930.0
1340.0
1100.0
1080.0
2500.0
2150.0
3800.0
1750.0
1770.0
820.0
2510.0
1470.0
1110.0
2220.0
3040.0
2270.0
1720.0
1180.0
1820.0
340.0
1190.0
1640.0
790.0
1440.0
1870.0
1430.0
2460.0
2730.0
1540.0
1040.0
1630.0
1250.0
1410.0
1970.0
1130.0
670.0
1480.0
1300.0
970.0
1750.0
1240.0
2500.0
1240.0
1770.0
1800.0
1420.0
1740.0
1270.0
1740.0
1190.0
2770.0
1160.0
610.0
1260.0
2230.0
4270.0
2390.0
3870.0
1300.0
1520.0
2580.0
1890.0
2100.0
830.0
2170.0
860.0
1890.0
3360.0
2870.0
1530.0
2300.0
1770.0
1800.0
1460.0
1230.0
1190.0
2480.0
2000.0
2030.0
2270.0
1350.0
1350.0
1800.0
2330.0
2320.0
1240.0
1660.0
980.0
1540.0
2540.0
1470.0
1820.0
1840.0
1650.0
2770.0
1480.0
1950.0
2360.0
2100.0
1120.0
1210.0
4300.0
1270.0
1460.0
1670.0
1910.0
1580.0
970.0
3390.0
1730.0
1500.0
2900.0
1140.0
1360.0
1580.0
1360.0
1100.0
1560.0
2750.0
540.0
2200.0
1190.0
2060.0
2080.0
2410.0
820.0
1670.0
2400.0
1410.0
770.0
1200.0
1460.0
2760.0
2240.0
1870.0
2930.0
1970.0
2530.0
700.0
2830.0
2180.0
1890.0
980.0
1530.0
1580.0
1060.0
1030.0
2540.0
1020.0
1920.0
1720.0
1780.0
1080.0
2480.0
3820.0
1770.0
2530.0
4320.0
1000.0
1160.0
2310.0
560.0
1530.0
2250.0
1530.0
1290.0
3970.0
1410.0
2310.0
1000.0
2380.0
1820.0
1010.0
2460.0
1230.0
1530.0
860.0
2470.0
1950.0
680.0
1030.0
1190.0
2120.0
1830.0
1310.0
1670.0
1790.0
1070.0
950.0
410.0
1480.0
1710.0
1190.0
1130.0
770.0
1080.0
2860.0
1380.0
2910.0
970.0
760.0
2700.0
890.0
1830.0
1150.0
2260.0
2510.0
1020.0
1450.0
1870.0
2400.0
2020.0
2450.0
1690.0
990.0
1550.0
2980.0
2050.0
2140.0
1700.0
970.0
1830.0
5810.0
2070.0
2640.0
3710.0
1560.0
1590.0
1330.0
1020.0
2480.0
1150.0
2390.0
1240.0
1330.0
1990.0
1230.0
940.0
1220.0
2590.0
900.0
1380.0
1300.0
2420.0
2610.0
1210.0
2400.0
2560.0
2490.0
1020.0
1020.0
1340.0
1330.0
1390.0
2970.0
2030.0
1200.0
1270.0
720.0
2270.0
920.0
2100.0
1330.0
590.0
900.0
1170.0
1550.0
2980.0
460.0
990.0
2810.0
570.0
4520.0
1390.0
1850.0
1860.0
1180.0
1230.0
1320.0
2110.0
2340.0
1530.0
720.0
1100.0
760.0
2480.0
2050.0
2230.0
1530.0
1440.0
1830.0
580.0
1370.0
1450.0
2260.0
2180.0
1180.0
1450.0
1780.0
1220.0
1750.0
2110.0
2070.0
1560.0
1440.0
1810.0
1040.0
1470.0
960.0
1120.0
1750.0
1710.0
1780.0
1160.0
1390.0
2420.0
2240.0
1520.0
2550.0
1810.0
980.0
430.0
1760.0
1540.0
1200.0
1790.0
860.0
1820.0
1100.0
1470.0
1710.0
1700.0
1380.0
570.0
1700.0
1540.0
1040.0
2040.0
870.0
1230.0
2360.0
1270.0
3210.0
1620.0
1400.0
1040.0
1900.0
1760.0
2890.0
1930.0
1840.0
1100.0
1780.0
1110.0
910.0
1020.0
840.0
1150.0
1280.0
840.0
1420.0
2450.0
750.0
2560.0
1150.0
930.0
1830.0
2840.0
1020.0
820.0
1700.0
1520.0
1310.0
4220.0
1030.0
2210.0
1650.0
2080.0
1150.0
1290.0
2210.0
2010.0
2160.0
1380.0
1720.0
2660.0
2790.0
2200.0
1090.0
1970.0
1040.0
1750.0
1630.0
2650.0
2280.0
920.0
2990.0
790.0
660.0
1070.0
1540.0
810.0
1670.0
2140.0
1580.0
1060.0
1780.0
1780.0
810.0
2760.0
2540.0
2580.0
2100.0
800.0
1440.0
3200.0
2880.0
1130.0
1900.0
1650.0
1270.0
3030.0
2300.0
1380.0
1330.0
1140.0
1740.0
2810.0
1850.0
2900.0
1350.0
880.0
1780.0
1740.0
1300.0
4410.0
2250.0
1800.0
2410.0
1890.0
1530.0
1760.0
1590.0
1620.0
1290.0
2400.0
1650.0
1310.0
1210.0
1250.0
4720.0
1590.0
1480.0
1870.0
1810.0
1010.0
1580.0
2530.0
2580.0
1200.0
1460.0
1150.0
2890.0
820.0
1660.0
2870.0
1240.0
1450.0
1330.0
1410.0
1340.0
1310.0
1420.0
780.0
1190.0
2160.0
2120.0
2070.0
1050.0
1180.0
2030.0
1870.0
1890.0
1250.0
2210.0
3520.0
770.0
1610.0
1120.0
1920.0
4090.0
3440.0
1390.0
860.0
2990.0
2520.0
770.0
1180.0
860.0
1340.0
1440.0
1250.0
1140.0
2000.0
2860.0
1520.0
1690.0
790.0
1540.0
730.0
1180.0
1570.0
1370.0
5300.0
2660.0
2360.0
510.0
880.0
1930.0
1890.0
2270.0
1340.0
1460.0
1270.0
1980.0
1670.0
1180.0
1100.0
1370.0
2830.0
1580.0
1210.0
1590.0
1120.0
1080.0
2460.0
820.0
1020.0
2180.0
830.0
1870.0
1050.0
920.0
1100.0
1290.0
3770.0
2620.0
2270.0
1150.0
2030.0
970.0
1260.0
4120.0
3130.0
1800.0
880.0
1430.0
2040.0
1820.0
990.0
1380.0
1650.0
1950.0
2230.0
4090.0
2340.0
4080.0
1570.0
2080.0
690.0
1320.0
980.0
400.0
1160.0
3880.0
1320.0
900.0
1080.0
1230.0
950.0
1330.0
870.0
1080.0
2420.0
1530.0
890.0
1890.0
2400.0
1810.0
1790.0
810.0
3060.0
860.0
1000.0
2510.0
1130.0
1650.0
970.0
2530.0
1620.0
3440.0
2270.0
4190.0
2620.0
2860.0
730.0
1750.0
2110.0
1310.0
1230.0
1140.0
4340.0
1740.0
2480.0
990.0
1320.0
1220.0
1500.0
1820.0
2570.0
2040.0
1740.0
1510.0
750.0
2800.0
810.0
1750.0
2360.0
1220.0
1720.0
2790.0
1480.0
1990.0
1210.0
2520.0
2460.0
1700.0
1620.0
1340.0
1590.0
2450.0
1730.0
1080.0
1080.0
4210.0
2650.0
4660.0
3140.0
680.0
1130.0
3650.0
1740.0
1640.0
1660.0
1150.0
1050.0
2040.0
1760.0
1250.0
4730.0
2150.0
1830.0
2590.0
1940.0
1200.0
1780.0
1050.0
1410.0
1400.0
1850.0
1890.0
2490.0
580.0
2880.0
2230.0
1970.0
1750.0
370.0
1740.0
950.0
1900.0
1780.0
1530.0
1690.0
1450.0
1170.0
1770.0
1930.0
1720.0
2810.0
1800.0
2290.0
1940.0
1890.0
2200.0
2250.0
1260.0
1800.0
830.0
590.0
1690.0
3130.0
1970.0
1170.0
4420.0
2990.0
4000.0
1170.0
3390.0
4530.0
1780.0
4080.0
1980.0
1090.0
1870.0
900.0
2530.0
1760.0
1140.0
1280.0
3020.0
920.0
3480.0
1540.0
1410.0
2460.0
2640.0
910.0
1410.0
1460.0
1790.0
1660.0
2910.0
1960.0
1250.0
1710.0
1710.0
2530.0
1410.0
2880.0
4650.0
1380.0
1190.0
1610.0
1380.0
760.0
1100.0
1040.0
1770.0
1050.0
4520.0
1220.0
1620.0
1610.0
470.0
2150.0
1180.0
1290.0
1240.0
1710.0
1080.0
1240.0
1300.0
1350.0
720.0
2090.0
2750.0
1260.0
1600.0
1130.0
1450.0
1160.0
3220.0
1270.0
1700.0
2590.0
1510.0
1320.0
1110.0
2640.0
2340.0
2020.0
3850.0
1150.0
2660.0
1710.0
930.0
1750.0
2400.0
1220.0
1610.0
2570.0
1230.0
1390.0
1890.0
1040.0
1390.0
2490.0
1150.0
890.0
2470.0
1550.0
3000.0
790.0
1160.0
1120.0
1540.0
1890.0
1930.0
1030.0
1220.0
3770.0
1110.0
1580.0
1540.0
1220.0
2770.0
1910.0
980.0
2630.0
1700.0
2080.0
1140.0
1530.0
2370.0
2880.0
1750.0
1460.0
4110.0
1870.0
1770.0
3240.0
1710.0
2040.0
570.0
3140.0
2270.0
1450.0
1130.0
1470.0
710.0
990.0
1460.0
1530.0
2480.0
1830.0
980.0
1320.0
540.0
2370.0
4640.0
1370.0
1420.0
1460.0
1500.0
670.0
1270.0
1550.0
1490.0
1020.0
1730.0
1310.0
2030.0
2160.0
1010.0
2790.0
2350.0
1540.0
1300.0
1120.0
1440.0
1320.0
1390.0
1110.0
1670.0
1410.0
1300.0
1710.0
1520.0
3340.0
1690.0
1830.0
660.0
1430.0
660.0
1920.0
1450.0
1800.0
1300.0
1480.0
1190.0
2190.0
810.0
1170.0
2660.0
500.0
1520.0
1350.0
1590.0
390.0
1640.0
1140.0
1920.0
1380.0
1150.0
2310.0
1480.0
1710.0
490.0
4750.0
2020.0
1500.0
1570.0
1200.0
1440.0
1190.0
1040.0
4310.0
2920.0
1400.0
1970.0
1450.0
210.0
1410.0
1640.0
1610.0
1790.0
1020.0
2160.0
1690.0
1610.0
1120.0
1060.0
640.0
2090.0
840.0
1320.0
920.0
1750.0
2500.0
1880.0
1400.0
1030.0
390.0
2330.0
1280.0
1870.0
650.0
2110.0
1630.0
1520.0
1800.0
860.0
1540.0
1620.0
2400.0
1210.0
1780.0
1430.0
2290.0
2680.0
410.0
1660.0
1210.0
1210.0
990.0
1000.0
1970.0
560.0
1680.0
3640.0
1390.0
2440.0
1960.0
1250.0
1080.0
2200.0
